2.0000
90.0000
1.0000
1.0470298257908812  
1.0471903271121135  
1.0476690038955685  
1.0484696818074766  
1.0495931003982399  
1.0510408014110566  
1.0528147784620945  
1.0549171007380518  
1.0573513675732178  
1.0601219398499981  
1.0632330707279611  
1.0666896303162747  
1.0704971239018086  
1.0746612709806953  
1.0791887635026725  
1.0840872954340177  
1.0893648513300733  
1.0950301982596167  
1.1010929641384664  
1.1075629854768649  
1.1144511781793929  
1.1217701986495039  
1.1295330603188534  
1.1377537145000329  
1.1464472377317723  
1.1558772327295084  
1.1653186786822425  
1.1755327899216117  
1.1862923446068832  
1.1976190090808916  
1.2095361021137401  
1.2220687147056732  
1.2352438525968190  
1.2490905960418128  
1.2636402775842552  
1.2789266798269681  
1.2949862555513116  
1.3118583731738083  
1.3295855907731906  
1.3482139628101646  
1.3677933838620466  
1.3883779747221352  
1.4100265171197126  
1.4328029441575665  
1.4567768950059783  
1.4813668838477372  
1.5086283144407169  
1.5366796957645530  
1.5662781727933712  
1.5975332950133090  
1.6305657048717954  
1.6655085555472087  
1.7025091527784890  
1.7417308632032100  
1.7833553408506213  
1.8275851356538171  
1.8746467623088519  
1.9247943275592148  
1.9783138374478102  
2.0355283388430019  
2.0968040889567106  
2.1625580020336099  
2.2332666914212926  
2.3094775216948218  
2.3918222109500080  
2.4810336983157431  
2.5779672280267469  
2.6836269343522003  
2.7991996768225178  
2.9260985429280550  
3.0660194020486804  
3.2210153181798651  
3.3935957676480286  
3.5868608749809763  
3.8046859869532348  
4.0519800770365428  
4.3350548944364977  
4.6620656914548126  
5.0442068837663712  
5.4963948943776781  
6.0396406738251152  
6.7042936826763757  
7.5358784565995762  
8.6059339436842386  
10.0336921766170240  
12.0337713529387220  
15.0354085392200980  
20.0401577787979550  
30.0526825285973520  
60.0963027263074140  
