2.0000
90.0000
1.0000
1.0470290502510717  
1.0471289000450976  
1.0474233379324074  
1.0479170834940081  
1.0486110678348557  
1.0495070953211156  
1.0506082253651519  
1.0519147225155454  
1.0534328518892897  
1.0551667586740510  
1.0571212624818465  
1.0593000625536027  
1.0617147535078071  
1.0643661700907376  
1.0672634749256811  
1.0704152907703917  
1.0738302027941879  
1.0775176847665624  
1.0814880571565408  
1.0857525970656416  
1.0903205364666455  
1.0952074360069943  
1.1004258505309323  
1.1059906047905994  
1.1119171402762178  
1.1183551645659020  
1.1249211629879365  
1.1320351797546946  
1.1395835447551255  
1.1475875756188660  
1.1560700405800373  
1.1650552549223530  
1.1745691983656874  
1.1846396477246908  
1.1952942192678926  
1.2065710649566608  
1.2184979971122449  
1.2311137566152057  
1.2444577149503506  
1.2585722411423088  
1.2735029948966612  
1.2892992566636006  
1.3060143000197741  
1.3237058125922709  
1.3424363729137589  
1.3626027218006758  
1.3832927289011330  
1.4055733955074343  
1.4292043597415676  
1.4542824698365222  
1.4809141171496449  
1.5092164636173027  
1.5393188639511912  
1.5713645193734813  
1.6055124078266938  
1.6419395459725954  
1.6808436511369584  
1.7224462880880598  
1.7669966065029530  
1.8147758026225809  
1.8661024737791587  
1.9213390814731899  
1.9808997998315938  
2.0452601087804441  
2.1149686013398714  
2.1906616250962685  
2.2730815842580605  
2.3631000164065350  
2.4617469629467323  
2.5702487311692606  
2.6900769847871051  
2.8230133364981196  
2.9712354711051976  
3.1374336645082601  
3.3249709966179295  
3.5381076486624341  
3.7823213269087850  
4.0647822634096880  
4.3950287674823265  
4.7860934657774177  
5.2562130534174178  
5.8317301427369639  
6.5521594994268231  
7.4795967635305214  
8.7175358868651092  
10.4522674899772490  
13.0563747473289380  
17.3992210335891710  
26.0889004932000680  
52.1658919986767270  
